# istanza zaino 0/1 — rand(n=2000,W=100000,seed=42)
2000 100000
31131 55
48885 309
21506 708
18094 904
55277 382
78033 464
68744 999
27864 437
11244 931
7459 178
56731 339
91086 826
35213 159
81165 752
99824 81
535 753
70158 317
24441 818
77161 770
4060 714
25898 874
26602 950
92799 189
69500 370
41454 437
73734 458
90626 951
12595 828
37808 53
36745 461
23748 632
13296 180
48230 482
73329 421
77533 758
41912 316
45276 344
8105 872
94032 252
57796 375
30247 147
35324 197
82323 285
49403 464
26239 999
59169 636
36628 93
35028 28
49905 469
77094 656
1631 472
40756 385
72601 978
29442 895
92741 284
28071 78
59030 367
34435 900
7007 921
96997 333
74047 796
43000 97
4537 886
20332 806
95867 939
69380 28
39794 254
76669 968
1270 899
25992 15
90151 18
81949 836
74360 425
30324 557
71512 311
61554 896
45175 662
46418 904
56267 147
8511 963
2387 830
34231 259
85142 892
12676 615
95882 208
38096 738
74816 970
76510 759
41065 509
52108 776
41295 659
24032 698
78187 12
65843 726
80453 765
2867 851
26726 535
11019 615
14508 149
11576 535
55048 754
66667 721
85914 630
60353 103
30985 393
90695 898
91606 686
45006 337
18689 129
6782 603
41249 377
69138 573
93858 537
25387 677
46008 267
40489 290
65960 250
28558 285
12861 331
97213 123
3924 484
30303 577
72766 264
8381 819
66719 943
61367 647
82166 591
92993 914
14803 544
98146 162
29433 21
1030 780
78718 612
30861 496
63348 705
13834 690
33511 882
32432 551
81209 108
25868 178
86250 456
16096 461
16448 969
35754 798
84712 451
48060 640
85905 177
9439 536
40895 635
66202 700
12231 888
36319 268
12865 379
27126 589
53560 12
9498 512
54600 517
51518 340
2807 544
70066 986
63758 672
62149 268
94787 433
2402 590
11235 384
95722 695
14017 858
62677 67
69151 578
69996 840
51820 340
24935 809
18686 978
9876 528
24726 901
98531 945
56339 661
23975 876
47727 189
83776 421
51101 914
30895 967
69675 575
73826 430
90814 579
92493 70
60392 720
41970 203
12338 453
79558 81
48565 98
5890 101
60515 677
51855 34
15351 737
97065 742
89027 199
51646 632
90573 817
74494 813
45947 903
76534 512
61436 186
38683 550
14504 191
92822 136
56974 953
75129 921
34318 102
42791 933
35452 706
98923 148
98795 380
66569 35
4691 865
60928 894
80789 588
63041 310
61819 200
11810 462
73320 797
50730 616
85371 479
29101 520
56191 864
68733 202
75424 849
71062 879
6187 714
59941 139
9829 437
75713 665
6057 650
76139 795
83733 295
29989 173
97557 811
97219 673
89108 487
80551 748
49796 790
24410 7
21509 529
11545 208
32472 839
25989 156
91629 536
73975 565
83700 333
52750 63
97597 289
73317 892
75350 378
5638 410
56213 643
99631 954
63340 930
2602 42
73068 469
62661 222
7686 226
36667 59
69300 95
74170 983
45363 840
31975 589
85731 292
50272 519
21392 510
32053 674
20661 496
87115 868
11683 167
54265 266
32502 625
60072 9
19949 942
9149 914
97860 586
52001 704
82501 466
33936 866
75481 966
48343 857
72553 693
62486 960
47375 267
2372 320
78647 682
65651 495
30981 265
85907 496
97698 89
6365 185
46086 993
47204 125
97607 332
15493 281
17393 755
16649 721
95078 821
50218 727
38556 418
98112 722
67958 60
35331 192
55130 593
15828 480
78201 553
80527 445
69861 792
65339 314
10902 142
79362 731
10941 49
78709 564
94061 717
57430 666
72470 271
14439 531
70988 119
8724 78
54776 511
39291 579
66472 920
32902 140
43816 852
69789 232
43087 655
73410 690
7821 505
42523 520
99362 729
42909 700
47893 230
27937 128
46984 753
13106 409
38719 353
46487 146
52709 682
43477 351
27258 406
36993 697
39249 795
80257 719
20787 972
10203 992
58605 143
70146 784
72693 348
30005 824
96823 365
88744 26
16945 688
39481 382
77606 120
18321 695
89221 492
28288 919
96345 595
24826 644
77153 749
35763 177
87825 428
13738 776
11565 302
63212 933
65927 675
35555 533
83343 526
84624 177
55488 459
13613 803
37489 511
11439 663
4964 400
58153 889
72296 145
77027 163
84949 536
65751 931
36760 22
73195 120
62725 984
65580 209
73755 528
21930 438
26696 188
31644 33
74889 821
90600 387
85712 11
86920 683
16698 535
68556 484
31199 764
98285 814
91471 526
97659 459
90238 195
67793 513
6327 33
92216 905
65204 659
65682 336
31125 503
74305 906
96634 718
67093 133
39080 400
48651 270
76467 928
87344 665
67883 720
15715 923
33472 140
35580 281
38660 33
68426 728
44025 332
87427 451
20832 707
92754 430
95487 387
69161 390
4899 53
98498 377
79383 840
81602 520
31271 207
95147 227
76601 39
58073 978
98115 393
32141 318
6093 289
75649 834
66995 233
5011 30
11582 41
28034 382
63390 14
11695 143
66960 328
13961 626
72315 366
71866 251
85397 132
10900 600
74166 939
68819 219
84998 893
19680 5
63991 247
18363 866
49044 631
75961 856
26122 264
61362 639
32037 312
93862 938
6145 238
12024 469
30468 811
11351 96
38270 232
84683 29
54392 710
74644 210
50550 284
96641 750
3582 908
47947 696
70456 817
81514 571
38746 662
40222 750
60339 996
76268 101
72593 790
82671 396
72926 137
7811 627
30010 58
42032 595
99257 937
76285 869
40090 603
77843 765
70553 358
47799 205
45110 851
2068 752
97738 26
98558 926
67178 138
94022 426
31669 502
69133 209
56257 821
96233 274
73098 897
39590 739
36741 328
73005 730
62208 878
32472 964
56701 637
64779 43
36127 890
40853 956
7550 229
84681 688
55399 562
85910 909
72066 378
34064 996
66674 227
71157 716
35677 892
58356 620
89757 548
17133 568
78646 280
81799 913
88941 705
57785 431
69433 914
80835 282
41300 895
46895 3
42387 788
99066 294
35099 41
8928 643
94943 976
13892 83
8323 280
88726 872
70788 32
6124 422
32748 722
29169 817
67242 475
20768 464
27807 22
34631 970
83017 589
62939 321
22863 976
72127 443
78313 318
31384 585
35234 695
82513 774
80528 896
19613 74
80086 106
99813 775
81052 173
34858 96
73959 983
93198 911
66714 831
72165 748
4790 124
31881 755
15704 887
32236 20
51244 469
19231 839
1852 915
41662 128
54277 235
91708 281
15519 445
76366 606
34640 501
29394 95
32956 231
69581 437
7675 304
58103 909
94409 683
81370 467
32499 261
78431 521
44208 460
40753 346
75922 2
39070 362
15327 63
42198 288
78906 546
35845 643
29219 549
77221 767
33830 856
73503 845
61339 135
84704 78
59465 694
76912 118
14129 288
72252 201
61174 932
18546 143
1899 800
46607 79
40647 409
14900 606
35398 570
84482 813
64258 331
44857 773
32651 256
57591 318
21822 103
87025 856
36963 359
89536 870
97771 122
1471 144
83310 440
34500 138
81176 619
80816 952
2682 310
91766 771
53559 747
69756 660
83734 998
48349 49
43844 18
23811 725
18189 648
13793 520
13707 285
3950 45
9368 152
26561 860
27504 289
46440 236
16692 316
77238 314
85168 313
4992 879
10586 496
76875 175
38253 588
75685 967
2133 460
14916 706
9871 433
25478 346
16565 573
13360 161
80687 741
31948 932
80042 182
58549 793
77334 758
47965 570
89940 117
65246 842
56778 422
16759 343
97087 989
12395 912
42289 965
77358 648
93044 138
7326 139
96054 487
72619 734
92977 650
35718 438
11890 684
51530 556
7490 517
11185 417
19949 550
80855 571
79057 120
94267 532
74666 196
74957 473
97280 463
27925 490
35049 915
37716 293
40160 920
81052 1000
70893 590
9150 885
86913 134
21216 723
1575 484
99142 572
79281 716
2934 828
73971 597
13612 852
55273 862
97794 254
54311 272
37784 187
34890 41
62604 485
45939 469
50833 318
49103 786
1894 265
92265 574
52194 406
51716 886
60447 671
58758 285
40274 105
13659 274
41840 762
38994 770
62917 110
1479 499
94409 900
43275 124
46779 333
43433 331
43839 434
77510 143
82124 35
47343 991
40252 86
22333 523
76869 536
75109 192
17675 896
80205 921
93163 563
45483 376
50630 183
11487 617
13619 487
36749 559
58918 898
12847 108
6466 314
94937 363
83438 923
43921 279
7791 972
57267 377
33245 1000
74936 433
50970 539
45036 704
84343 741
87513 498
96592 188
29272 745
65366 693
18741 43
84805 817
80870 8
26586 172
31644 96
74582 351
25170 427
69011 60
29845 253
56641 982
5759 879
75183 242
96866 711
15306 217
53864 564
68300 707
92489 918
12852 424
65661 764
26339 724
43478 825
64769 821
29298 511
2359 10
90949 609
84080 13
56186 265
45026 607
62021 338
4601 566
8026 279
25058 573
48766 961
12878 765
69762 686
60685 624
33467 984
81625 30
42878 822
28022 253
26186 125
52309 206
98834 343
67491 352
47593 578
29043 427
49612 412
19253 173
26052 366
86099 938
28251 629
99323 108
58338 768
38084 565
35973 555
44827 777
838 364
44705 404
88510 47
3206 698
52569 620
9809 383
56251 300
85471 254
81582 815
45283 128
72398 294
46672 963
92134 3
56267 748
56372 480
48145 451
91322 382
29476 854
89137 147
17758 129
54623 297
69834 156
48965 253
74236 874
33740 21
60156 3
55680 225
59024 2
32 551
70228 215
80280 408
83589 364
26087 122
78668 663
11843 789
46655 304
58596 694
61462 463
16135 220
2633 663
22032 760
12190 47
49846 499
62975 706
97257 961
91688 7
30208 109
83392 316
59183 767
45097 837
76456 591
97244 496
61424 96
36875 813
25407 165
5663 128
28781 108
69642 192
48407 119
5887 320
73532 384
27245 97
73655 495
13680 814
80020 359
8619 427
49782 889
37129 976
78351 936
69250 319
45547 573
44763 485
10962 853
28158 398
26728 338
87222 938
75921 28
95820 565
49389 132
57503 167
99158 290
78496 518
23266 19
73818 8
66281 646
30514 849
63623 786
10232 751
28178 281
64633 75
45485 428
41413 389
78018 687
64075 863
93071 372
76633 561
75608 513
96314 104
15778 752
27649 378
16488 555
18867 86
50673 78
34065 59
87806 817
67548 467
26221 623
99441 949
2857 119
37554 888
92361 677
51529 195
83643 543
54790 90
91500 251
30098 615
25173 250
20251 332
3047 683
24483 459
57160 232
15046 395
38893 247
25245 181
98239 295
34410 774
61834 952
62267 842
40896 601
28213 931
7892 177
95106 337
6842 39
38755 114
81446 184
65993 647
79745 373
78774 995
49971 263
8524 445
97597 804
21272 651
87615 914
55451 446
55818 487
69782 688
83409 808
93314 373
68128 427
3714 935
56940 957
32445 388
29403 637
28204 334
94564 745
39331 866
97469 937
10789 777
39317 846
87252 607
59960 30
60569 496
18488 299
80968 589
77777 752
15855 725
9558 611
4413 587
26535 659
57160 47
99430 16
69572 815
68666 231
96921 766
12091 264
38225 49
2990 185
58157 709
42814 445
31269 589
99799 388
80195 834
92194 589
76386 250
90135 920
61672 378
76638 447
73939 179
35659 488
98266 864
83453 314
6718 447
54188 137
22433 243
51641 583
78127 701
78010 166
27956 628
20205 380
21545 821
64604 237
56621 252
74801 169
15700 976
30282 573
61936 446
7785 971
63622 198
64756 996
26662 865
11390 482
63799 915
62564 908
37177 18
35606 23
25070 611
80295 366
96437 288
12998 184
82377 106
21874 481
23715 219
93228 325
98869 10
89096 914
65578 447
39139 367
42195 703
81472 245
26924 496
86424 822
93675 308
63179 169
10913 869
97185 637
5880 273
62331 492
16954 802
21909 535
91799 392
97672 728
34366 452
78046 432
71157 875
67509 95
13058 503
75474 485
12412 804
32761 56
87119 658
96744 223
24866 385
59232 398
87901 645
36528 240
82646 431
86871 455
15727 154
96899 459
50832 898
19951 475
2067 198
73505 84
12701 806
86977 689
8160 215
61153 998
41964 954
44729 123
13364 485
96075 508
28543 427
74742 243
17775 351
65097 438
85177 340
36982 545
58392 963
87779 550
33641 970
9751 133
43603 575
78002 71
17592 321
22240 224
91301 783
59859 603
26621 267
17286 603
60013 606
65509 277
85635 367
40051 27
47207 199
42357 621
82395 543
43626 947
60487 940
24990 941
67148 707
20590 80
54648 851
1047 157
25659 638
39530 25
13976 241
94956 3
28321 443
49617 407
75224 268
94166 430
28208 725
82989 905
85917 877
60845 455
34441 425
28510 776
57269 607
32483 541
23654 425
57857 308
99263 631
22004 50
47590 671
93593 580
91523 614
15649 173
50627 259
41298 338
8690 638
49604 652
66324 764
97320 976
5923 166
389 485
76199 906
13327 199
14162 538
6194 526
33607 431
31540 825
16575 432
57077 520
69262 955
56937 280
97831 511
5031 978
83088 359
26535 296
10730 714
23370 286
89484 607
17908 185
1921 503
26716 563
25911 235
50444 276
64931 423
95727 737
58990 136
31076 917
23900 320
89566 618
33409 73
27443 969
89969 353
8737 119
48255 904
91538 512
62363 562
50120 135
47017 968
62602 286
53319 474
92237 665
59999 248
71254 26
21007 481
65548 951
29993 705
41350 818
72448 892
28918 306
78028 749
31882 791
44816 786
8651 953
2321 932
75608 328
10882 349
57901 20
42875 94
43182 389
42401 226
69304 359
53133 37
27353 822
44286 758
66391 560
13598 107
72991 768
35503 422
91450 321
10786 367
32576 358
62861 684
52875 678
49150 443
9855 376
15153 905
73447 901
87184 49
90983 801
57875 480
33489 547
20609 971
47377 97
66247 636
34986 60
57776 351
97930 765
70174 896
50213 886
1764 978
40634 187
81086 486
74943 586
55478 313
10408 988
9926 468
37459 297
94753 56
14945 221
35945 121
51123 880
96463 272
77792 328
54381 802
94809 587
87944 821
89201 447
58728 655
1669 252
46050 879
73366 535
75230 2
69769 292
47304 526
18899 674
26051 88
70056 824
14641 262
26701 830
26641 41
13861 285
50790 118
66773 128
20654 132
33182 286
46199 187
5099 208
85124 657
77153 282
8803 369
86438 426
81733 390
36863 643
49674 283
440 224
83170 609
98821 131
59033 410
36823 11
62832 112
23089 688
72921 801
58624 814
44511 600
79241 132
66813 255
78109 82
76095 808
83854 237
48590 771
57997 513
21976 95
11991 179
28061 769
61162 155
67565 953
73122 230
60940 8
7694 134
78006 462
71693 273
64225 13
29080 45
74720 740
70603 520
4785 13
2900 740
99658 427
24825 979
8525 936
18271 83
62118 503
20856 686
68019 573
4656 381
66673 739
25308 551
44795 46
42490 971
39639 824
971 343
52325 665
98102 740
17968 218
99273 947
15940 931
34759 657
69272 701
54999 409
99217 193
18078 471
85719 906
80068 537
68919 326
87268 113
2869 240
65283 334
23838 94
86494 558
54816 25
52259 202
37407 885
1459 847
86181 344
89061 723
4427 450
88786 635
79151 711
33584 620
73440 795
69687 386
1128 720
31752 787
52657 447
23829 694
29747 98
43238 788
99864 44
80758 871
6314 145
69288 894
43619 293
91814 134
27362 342
82992 413
93152 295
91126 255
33024 511
16754 962
92815 624
83524 553
23903 444
57934 479
94187 209
51200 412
36905 482
87589 669
12189 355
35666 123
96151 409
57776 312
57733 375
13793 775
84717 815
78484 421
93870 569
94517 789
2686 284
90169 599
10292 67
79300 873
4992 467
834 627
79004 634
62834 929
70644 947
50078 244
25466 584
10745 370
57982 457
79652 275
74879 551
19121 404
53893 220
59973 531
77871 154
50450 905
66415 226
70947 846
58789 353
90173 282
84323 897
68968 924
7433 104
45538 213
30659 806
40153 454
29176 348
35522 788
78541 688
1008 857
16662 433
1373 641
77845 516
30640 626
27738 14
11278 254
6666 740
46906 173
34430 823
97755 262
48491 198
89190 381
66218 505
8274 90
27340 529
48278 312
7557 713
62421 388
79218 86
2092 264
60287 958
72094 968
72272 265
37796 114
47622 219
58086 327
42181 383
55747 660
40075 82
71497 562
88891 741
62614 979
39064 386
75756 707
66470 397
49855 130
54104 974
5735 315
40446 639
93009 295
39723 642
96294 732
43201 745
36100 663
81837 564
29841 794
35473 738
35788 421
20617 220
72244 118
96591 603
60364 539
36008 737
92162 243
48282 259
9199 54
67672 858
20379 427
13871 324
863 126
82051 846
31157 993
37830 708
1750 669
44630 189
71519 888
44846 919
49786 162
50162 134
37800 365
62285 54
96237 681
72699 967
24967 631
12735 886
87497 124
91106 466
70332 685
65841 861
90611 262
70201 558
53149 622
81633 777
63342 979
30363 751
31635 937
89981 210
66295 190
5149 36
97835 351
79614 558
37305 63
61949 494
71026 528
61001 673
92670 763
96237 721
43552 602
79721 384
3981 15
72548 92
65629 463
31091 512
34268 755
62634 66
79145 363
90622 798
8066 531
65031 762
13855 105
1062 432
92726 442
33071 508
43002 125
12101 597
86590 351
25395 294
19711 477
49525 739
88711 121
84463 137
53315 505
74734 697
48700 162
52372 337
17836 871
92127 667
34713 53
67673 948
59068 261
78548 226
42694 172
64491 397
84403 250
60556 826
47080 547
28822 849
20602 350
82140 884
29050 856
77047 411
30756 649
30253 284
20611 899
85959 720
81847 792
40950 166
80969 824
71406 462
54354 486
52478 745
43 92
25067 399
70159 626
88761 548
63700 996
6947 27
29904 323
54950 476
72563 602
27478 769
5374 251
98250 996
72239 148
92289 74
18357 246
62579 284
62110 299
65625 920
85604 951
21780 328
68510 523
11758 312
97977 639
4258 744
11493 281
57663 817
25218 315
93968 920
84059 580
59239 29
6486 657
3156 192
44367 593
53452 911
17115 736
94045 95
63310 985
49096 122
80937 263
60760 592
84632 52
42079 752
44020 992
25191 198
82964 753
34308 235
94447 168
79078 386
26603 939
66095 890
84116 340
24963 878
64794 953
29096 285
19977 491
25568 727
86120 52
33297 126
197 323
69584 451
98335 613
8763 146
83961 385
89202 163
31743 580
51983 608
18994 815
32278 450
95926 396
88703 844
73507 278
69714 835
50579 410
27472 236
97160 577
12200 469
73186 287
84431 239
52045 762
72928 615
25465 914
56790 435
48278 841
22980 343
44920 911
38305 983
10304 476
58149 255
47160 844
83353 534
6445 128
41169 424
63458 195
68196 355
27942 678
7094 712
32903 804
60592 775
23937 676
64287 282
40023 911
50658 535
64266 436
52080 133
19666 834
73031 320
47591 502
25161 607
57956 163
93566 929
50620 664
36220 733
6326 896
85608 613
53750 221
22996 327
87943 154
5333 260
61163 382
59372 871
56577 540
79509 982
25382 303
63407 92
78959 520
27744 413
87305 835
84986 1000
8339 752
31658 550
70740 543
6676 215
41854 230
31310 296
47755 201
17038 955
23648 900
61022 229
34525 968
93829 951
61095 444
38189 428
97095 770
26840 125
53613 839
71777 935
94111 433
38702 670
26993 875
92065 462
88085 560
99152 475
23119 603
86175 80
7036 593
13863 912
53746 24
27721 442
56271 395
81212 205
17391 708
57882 937
21975 848
99026 699
790 236
28416 321
70193 495
90472 918
39561 857
27442 560
34101 268
21272 603
61239 820
30712 12
38490 633
40590 670
89961 905
76159 688
9886 328
9550 122
26178 458
43424 178
46250 875
81071 64
17838 140
67731 355
50586 654
71317 752
4121 881
64637 892
10179 850
9046 734
67400 422
47675 816
66358 722
61716 859
15212 207
21011 426
71049 405
25722 40
825 376
51262 901
15517 760
83070 1000
19263 501
38652 537
57890 377
91515 650
10296 758
99100 13
85087 814
23345 734
63463 20
55373 917
56503 45
54467 883
46890 201
26222 626
42446 130
47540 199
66029 175
40823 813
51665 633
73605 208
55432 890
11915 460
30300 698
78646 806
39563 573
88195 262
65277 32
65216 160
72700 279
34047 341
16479 919
1492 336
8779 539
27379 939
99210 629
29659 192
88517 712
16852 236
85806 976
80242 479
6636 269
76327 239
17478 874
59337 489
23439 821
20140 6
42754 556
37600 471
19357 248
13908 959
54982 875
33125 733
15484 756
79972 58
48022 128
58005 931
52896 738
8652 726
42651 989
65878 22
39582 767
42577 344
77928 971
58486 327
95304 77
48155 300
66366 974
34314 753
55227 250
27301 956
29846 652
25518 585
44316 149
3911 817
45669 886
96797 222
44009 298
79081 41
7394 596
39957 413
10099 719
38894 189
24492 428
72370 966
45680 819
74274 741
40848 793
50636 668
40470 433
51914 58
38574 37
46487 507
96908 623
56303 514
30787 606
16350 827
87682 24
47855 983
49354 428
10116 123
97128 399
1544 379
98404 970
72800 99
59107 796
84330 946
85248 846
81403 584
98532 212
34080 467
78556 114
96976 106
53755 691
59138 705
45649 663
85960 451
39056 155
85219 607
65750 232
77272 226
17658 143
66714 135
3747 371
60449 541
65584 918
81590 731
76574 283
30059 791
85348 648
7627 326
22843 425
25925 487
74615 477
79388 418
98917 335
30660 171
39439 288
70605 994
27585 683
53631 38
66604 676
58286 104
94458 576
37933 559
32834 616
40877 588
53921 530
20995 756
43401 356
2720 257
29683 274
788 799
34199 63
75542 452
81797 49
43342 149
63863 691
50658 175
50851 603
30774 85
97850 609
3243 408
91804 837
5609 998
97524 696
34203 36
66178 377
36023 561
70025 700
52586 289
67830 298
72325 703
82029 332
94382 375
49386 282
91495 10
28403 355
23946 161
12550 397
47839 880
41029 379
29880 330
20340 274
3549 745
39002 117
19132 295
51168 64
85883 176
34445 129
54606 715
33375 278
19261 645
11154 905
27084 380
24121 499
79852 404
17194 132
85474 347
30986 358
56341 868
6303 957
62207 958
73066 775
69193 474
85460 585
21278 956
21942 934
17050 320
27515 897
97813 668
57326 151
39255 457
