# istanza zaino 0/1 — rand(n=2000,W=300000,seed=42)
2000 300000
31131 55
48885 309
121506 708
218094 904
255277 382
78033 464
68744 999
227864 437
11244 931
107459 178
156731 339
91086 826
235213 159
181165 752
199824 81
535 753
270158 317
24441 818
277161 770
104060 714
25898 874
126602 950
92799 189
269500 370
241454 437
73734 458
190626 951
112595 828
37808 53
36745 461
123748 632
113296 180
248230 482
273329 421
77533 758
41912 316
245276 344
8105 872
194032 252
157796 375
30247 147
35324 197
282323 285
49403 464
126239 999
59169 636
236628 93
35028 28
49905 469
77094 656
1631 472
40756 385
272601 978
129442 895
192741 284
128071 78
159030 367
234435 900
7007 921
96997 333
274047 796
143000 97
4537 886
20332 806
195867 939
169380 28
39794 254
276669 968
201270 899
225992 15
90151 18
181949 836
174360 425
230324 557
171512 311
61554 896
145175 662
46418 904
256267 147
108511 963
202387 830
134231 259
85142 892
112676 615
195882 208
238096 738
274816 970
76510 759
141065 509
252108 776
41295 659
24032 698
78187 12
65843 726
280453 765
202867 851
226726 535
111019 615
14508 149
11576 535
255048 754
66667 721
285914 630
160353 103
130985 393
190695 898
91606 686
245006 337
118689 129
106782 603
141249 377
269138 573
293858 537
225387 677
146008 267
240489 290
265960 250
128558 285
112861 331
297213 123
3924 484
230303 577
272766 264
108381 819
66719 943
61367 647
182166 591
192993 914
14803 544
198146 162
29433 21
201030 780
78718 612
230861 496
263348 705
213834 690
33511 882
232432 551
81209 108
125868 178
286250 456
16096 461
116448 969
135754 798
184712 451
148060 640
85905 177
209439 536
240895 635
166202 700
112231 888
236319 268
112865 379
227126 589
53560 12
109498 512
154600 517
51518 340
102807 544
70066 986
163758 672
262149 268
194787 433
2402 590
211235 384
195722 695
114017 858
162677 67
269151 578
169996 840
251820 340
24935 809
18686 978
209876 528
24726 901
198531 945
256339 661
223975 876
247727 189
83776 421
51101 914
230895 967
169675 575
273826 430
90814 579
92493 70
60392 720
141970 203
12338 453
79558 81
48565 98
205890 101
160515 677
251855 34
115351 737
97065 742
89027 199
151646 632
190573 817
74494 813
45947 903
276534 512
261436 186
38683 550
114504 191
292822 136
156974 953
275129 921
134318 102
242791 933
35452 706
198923 148
98795 380
266569 35
104691 865
160928 894
280789 588
263041 310
261819 200
11810 462
273320 797
50730 616
185371 479
129101 520
256191 864
268733 202
75424 849
171062 879
106187 714
159941 139
9829 437
275713 665
106057 650
276139 795
283733 295
129989 173
197557 811
297219 673
289108 487
180551 748
149796 790
24410 7
221509 529
11545 208
232472 839
225989 156
91629 536
173975 565
283700 333
152750 63
297597 289
273317 892
275350 378
5638 410
56213 643
199631 954
263340 930
102602 42
173068 469
162661 222
107686 226
236667 59
69300 95
274170 983
145363 840
231975 589
185731 292
150272 519
21392 510
232053 674
120661 496
287115 868
111683 167
254265 266
32502 625
260072 9
19949 942
9149 914
297860 586
152001 704
82501 466
33936 866
275481 966
248343 857
172553 693
62486 960
47375 267
2372 320
278647 682
265651 495
130981 265
85907 496
97698 89
106365 185
146086 993
47204 125
197607 332
115493 281
117393 755
16649 721
95078 821
50218 727
138556 418
98112 722
167958 60
235331 192
155130 593
215828 480
278201 553
80527 445
69861 792
65339 314
110902 142
179362 731
10941 49
278709 564
294061 717
257430 666
172470 271
214439 531
170988 119
8724 78
154776 511
139291 579
66472 920
132902 140
243816 852
269789 232
143087 655
273410 690
7821 505
42523 520
299362 729
242909 700
247893 230
227937 128
246984 753
113106 409
38719 353
246487 146
152709 682
43477 351
127258 406
36993 697
239249 795
180257 719
120787 972
110203 992
58605 143
270146 784
72693 348
130005 824
296823 365
288744 26
116945 688
39481 382
177606 120
218321 695
289221 492
128288 919
196345 595
24826 644
277153 749
35763 177
287825 428
13738 776
111565 302
163212 933
165927 675
135555 533
183343 526
84624 177
155488 459
13613 803
237489 511
11439 663
104964 400
158153 889
172296 145
177027 163
184949 536
65751 931
136760 22
173195 120
262725 984
265580 209
73755 528
21930 438
226696 188
31644 33
174889 821
290600 387
285712 11
86920 683
116698 535
168556 484
131199 764
98285 814
291471 526
197659 459
90238 195
67793 513
106327 33
92216 905
265204 659
165682 336
31125 503
174305 906
96634 718
67093 133
39080 400
148651 270
76467 928
87344 665
167883 720
215715 923
233472 140
235580 281
238660 33
68426 728
144025 332
87427 451
120832 707
92754 430
195487 387
269161 390
4899 53
98498 377
179383 840
281602 520
131271 207
195147 227
76601 39
58073 978
198115 393
232141 318
106093 289
275649 834
166995 233
105011 30
111582 41
128034 382
63390 14
111695 143
266960 328
13961 626
272315 366
271866 251
85397 132
110900 600
174166 939
68819 219
284998 893
219680 5
63991 247
118363 866
149044 631
75961 856
26122 264
161362 639
232037 312
193862 938
6145 238
112024 469
30468 811
11351 96
38270 232
284683 29
154392 710
274644 210
150550 284
96641 750
103582 908
247947 696
170456 817
81514 571
138746 662
40222 750
160339 996
76268 101
72593 790
282671 396
272926 137
107811 627
30010 58
42032 595
99257 937
76285 869
40090 603
277843 765
270553 358
47799 205
145110 851
2068 752
97738 26
298558 926
267178 138
94022 426
231669 502
269133 209
56257 821
296233 274
73098 897
239590 739
36741 328
173005 730
62208 878
132472 964
156701 637
164779 43
236127 890
40853 956
7550 229
184681 688
155399 562
185910 909
72066 378
34064 996
66674 227
271157 716
235677 892
58356 620
189757 548
117133 568
178646 280
81799 913
88941 705
57785 431
269433 914
80835 282
41300 895
246895 3
142387 788
299066 294
135099 41
108928 643
94943 976
13892 83
108323 280
288726 872
170788 32
206124 422
32748 722
229169 817
67242 475
120768 464
227807 22
134631 970
83017 589
162939 321
22863 976
172127 443
78313 318
131384 585
235234 695
82513 774
80528 896
19613 74
80086 106
99813 775
281052 173
34858 96
173959 983
93198 911
166714 831
172165 748
204790 124
31881 755
115704 887
132236 20
51244 469
119231 839
1852 915
241662 128
54277 235
291708 281
15519 445
276366 606
234640 501
229394 95
32956 231
169581 437
207675 304
58103 909
94409 683
81370 467
32499 261
278431 521
144208 460
140753 346
275922 2
239070 362
15327 63
242198 288
78906 546
135845 643
229219 549
177221 767
33830 856
273503 845
61339 135
184704 78
159465 694
276912 118
114129 288
72252 201
161174 932
118546 143
1899 800
146607 79
140647 409
14900 606
35398 570
84482 813
164258 331
144857 773
32651 256
257591 318
121822 103
187025 856
136963 359
189536 870
197771 122
101471 144
283310 440
134500 138
281176 619
80816 952
102682 310
191766 771
53559 747
169756 660
83734 998
248349 49
243844 18
23811 725
218189 648
113793 520
113707 285
203950 45
209368 152
26561 860
127504 289
46440 236
216692 316
77238 314
285168 313
4992 879
210586 496
276875 175
38253 588
175685 967
202133 460
214916 706
9871 433
125478 346
216565 573
213360 161
280687 741
131948 932
80042 182
258549 793
177334 758
47965 570
189940 117
65246 842
256778 422
216759 343
297087 989
212395 912
42289 965
77358 648
293044 138
7326 139
96054 487
72619 734
192977 650
235718 438
111890 684
151530 556
107490 517
211185 417
119949 550
80855 571
79057 120
94267 532
274666 196
74957 473
297280 463
227925 490
35049 915
137716 293
240160 920
181052 1000
270893 590
109150 885
86913 134
221216 723
101575 484
199142 572
79281 716
102934 828
173971 597
213612 852
255273 862
197794 254
54311 272
237784 187
134890 41
62604 485
245939 469
250833 318
49103 786
1894 265
192265 574
152194 406
51716 886
160447 671
158758 285
240274 105
13659 274
241840 762
238994 770
262917 110
201479 499
194409 900
143275 124
46779 333
43433 331
243839 434
277510 143
182124 35
147343 991
240252 86
122333 523
76869 536
275109 192
217675 896
80205 921
93163 563
245483 376
50630 183
211487 617
113619 487
236749 559
58918 898
12847 108
106466 314
194937 363
83438 923
243921 279
107791 972
157267 377
33245 1000
74936 433
50970 539
245036 704
284343 741
187513 498
196592 188
229272 745
65366 693
18741 43
84805 817
180870 8
226586 172
231644 96
174582 351
125170 427
69011 60
229845 253
56641 982
5759 879
275183 242
96866 711
15306 217
153864 564
268300 707
192489 918
212852 424
65661 764
26339 724
243478 825
164769 821
129298 511
2359 10
290949 609
84080 13
156186 265
45026 607
62021 338
4601 566
108026 279
225058 573
148766 961
12878 765
69762 686
60685 624
133467 984
181625 30
242878 822
28022 253
26186 125
52309 206
298834 343
67491 352
247593 578
229043 427
249612 412
219253 173
126052 366
286099 938
228251 629
99323 108
158338 768
238084 565
35973 555
244827 777
100838 364
144705 404
188510 47
3206 698
52569 620
209809 383
256251 300
85471 254
281582 815
245283 128
172398 294
246672 963
292134 3
56267 748
156372 480
248145 451
91322 382
229476 854
89137 147
217758 129
154623 297
69834 156
148965 253
274236 874
33740 21
160156 3
255680 225
259024 2
100032 551
270228 215
80280 408
183589 364
26087 122
78668 663
11843 789
146655 304
258596 694
161462 463
16135 220
202633 663
222032 760
12190 47
249846 499
62975 706
197257 961
191688 7
30208 109
283392 316
59183 767
145097 837
76456 591
97244 496
61424 96
36875 813
25407 165
105663 128
228781 108
169642 192
148407 119
5887 320
273532 384
127245 97
173655 495
113680 814
80020 359
208619 427
249782 889
37129 976
178351 936
169250 319
245547 573
44763 485
10962 853
128158 398
126728 338
287222 938
75921 28
295820 565
249389 132
157503 167
299158 290
178496 518
123266 19
73818 8
266281 646
230514 849
63623 786
210232 751
128178 281
264633 75
245485 428
41413 389
178018 687
64075 863
193071 372
276633 561
175608 513
96314 104
215778 752
27649 378
116488 555
118867 86
150673 78
234065 59
87806 817
167548 467
26221 623
299441 949
102857 119
237554 888
292361 677
251529 195
283643 543
154790 90
91500 251
130098 615
25173 250
220251 332
203047 683
24483 459
57160 232
215046 395
38893 247
25245 181
298239 295
34410 774
261834 952
62267 842
40896 601
28213 931
107892 177
95106 337
206842 39
238755 114
81446 184
165993 647
279745 373
178774 995
49971 263
108524 445
297597 804
221272 651
87615 914
155451 446
255818 487
269782 688
83409 808
293314 373
268128 427
203714 935
56940 957
232445 388
229403 637
228204 334
294564 745
239331 866
97469 937
110789 777
239317 846
287252 607
59960 30
160569 496
218488 299
180968 589
77777 752
15855 725
209558 611
4413 587
226535 659
157160 47
99430 16
169572 815
68666 231
296921 766
212091 264
238225 49
2990 185
158157 709
142814 445
31269 589
299799 388
80195 834
292194 589
76386 250
190135 920
261672 378
176638 447
173939 179
35659 488
98266 864
183453 314
206718 447
254188 137
22433 243
151641 583
178127 701
278010 166
127956 628
20205 380
21545 821
264604 237
156621 252
274801 169
115700 976
230282 573
161936 446
107785 971
263622 198
64756 996
26662 865
211390 482
163799 915
162564 908
37177 18
235606 23
25070 611
180295 366
196437 288
112998 184
282377 106
21874 481
223715 219
293228 325
198869 10
189096 914
65578 447
239139 367
142195 703
81472 245
26924 496
286424 822
93675 308
63179 169
210913 869
97185 637
5880 273
62331 492
216954 802
121909 535
291799 392
297672 728
34366 452
278046 432
71157 875
67509 95
113058 503
275474 485
212412 804
32761 56
87119 658
96744 223
224866 385
259232 398
187901 645
136528 240
82646 431
286871 455
15727 154
96899 459
50832 898
219951 475
102067 198
73505 84
112701 806
286977 689
8160 215
161153 998
241964 954
44729 123
213364 485
296075 508
28543 427
274742 243
217775 351
65097 438
285177 340
136982 545
58392 963
287779 550
33641 970
9751 133
43603 575
178002 71
217592 321
122240 224
291301 783
259859 603
226621 267
17286 603
260013 606
265509 277
185635 367
140051 27
247207 199
42357 621
282395 543
43626 947
160487 940
224990 941
67148 707
220590 80
54648 851
201047 157
125659 638
139530 25
113976 241
294956 3
28321 443
249617 407
175224 268
94166 430
28208 725
282989 905
85917 877
60845 455
134441 425
228510 776
57269 607
132483 541
223654 425
257857 308
99263 631
22004 50
147590 671
193593 580
91523 614
15649 173
250627 259
141298 338
108690 638
149604 652
266324 764
97320 976
205923 166
389 485
276199 906
113327 199
114162 538
6194 526
233607 431
231540 825
216575 432
257077 520
169262 955
156937 280
97831 511
5031 978
283088 359
226535 296
10730 714
223370 286
189484 607
117908 185
201921 503
26716 563
225911 235
250444 276
64931 423
295727 737
58990 136
31076 917
223900 320
289566 618
233409 73
127443 969
189969 353
208737 119
48255 904
191538 512
262363 562
250120 135
47017 968
262602 286
253319 474
92237 665
159999 248
71254 26
221007 481
65548 951
129993 705
141350 818
172448 892
28918 306
178028 749
31882 791
44816 786
108651 953
102321 932
175608 328
10882 349
57901 20
242875 94
43182 389
42401 226
169304 359
253133 37
227353 822
144286 758
166391 560
113598 107
272991 768
135503 422
291450 321
10786 367
232576 358
62861 684
252875 678
149150 443
109855 376
15153 905
273447 901
87184 49
190983 801
257875 480
233489 547
120609 971
147377 97
66247 636
134986 60
257776 351
97930 765
70174 896
150213 886
1764 978
140634 187
181086 486
274943 586
255478 313
210408 988
109926 468
37459 297
194753 56
114945 221
235945 121
51123 880
96463 272
177792 328
254381 802
194809 587
187944 821
89201 447
158728 655
201669 252
146050 879
73366 535
275230 2
269769 292
247304 526
118899 674
26051 88
170056 824
114641 262
226701 830
26641 41
213861 285
150790 118
66773 128
120654 132
233182 286
46199 187
105099 208
85124 657
177153 282
8803 369
286438 426
181733 390
236863 643
149674 283
100440 224
283170 609
198821 131
259033 410
136823 11
62832 112
23089 688
72921 801
58624 814
44511 600
179241 132
266813 255
78109 82
76095 808
83854 237
248590 771
257997 513
121976 95
111991 179
228061 769
161162 155
67565 953
273122 230
160940 8
7694 134
78006 462
171693 273
264225 13
129080 45
174720 740
70603 520
4785 13
2900 740
99658 427
24825 979
108525 936
218271 83
62118 503
220856 686
268019 573
204656 381
266673 739
125308 551
144795 46
142490 971
39639 824
200971 343
52325 665
198102 740
17968 218
199273 947
215940 931
234759 657
169272 701
254999 409
99217 193
218078 471
185719 906
180068 537
68919 326
287268 113
102869 240
65283 334
23838 94
86494 558
54816 25
52259 202
137407 885
1459 847
286181 344
189061 723
104427 450
88786 635
79151 711
133584 620
73440 795
269687 386
201128 720
31752 787
152657 447
23829 694
29747 98
243238 788
199864 44
180758 871
6314 145
69288 894
43619 293
191814 134
127362 342
182992 413
293152 295
91126 255
233024 511
116754 962
292815 624
83524 553
23903 444
257934 479
94187 209
251200 412
236905 482
187589 669
112189 355
135666 123
96151 409
57776 312
57733 375
213793 775
284717 815
178484 421
293870 569
194517 789
102686 284
290169 599
210292 67
179300 873
104992 467
100834 627
279004 634
62834 929
170644 947
250078 244
225466 584
10745 370
157982 457
279652 275
74879 551
219121 404
253893 220
159973 531
277871 154
150450 905
166415 226
170947 846
58789 353
190173 282
184323 897
268968 924
207433 104
245538 213
130659 806
140153 454
229176 348
135522 788
278541 688
1008 857
116662 433
1373 641
77845 516
230640 626
127738 14
111278 254
6666 740
46906 173
134430 823
197755 262
248491 198
89190 381
66218 505
8274 90
27340 529
248278 312
207557 713
262421 388
279218 86
102092 264
260287 958
272094 968
72272 265
37796 114
247622 219
258086 327
242181 383
255747 660
140075 82
71497 562
188891 741
162614 979
39064 386
75756 707
166470 397
249855 130
54104 974
205735 315
140446 639
93009 295
39723 642
296294 732
243201 745
36100 663
281837 564
29841 794
135473 738
235788 421
220617 220
72244 118
96591 603
160364 539
136008 737
292162 243
248282 259
9199 54
167672 858
20379 427
213871 324
200863 126
282051 846
231157 993
37830 708
101750 669
44630 189
71519 888
144846 919
149786 162
250162 134
37800 365
162285 54
96237 681
272699 967
224967 631
112735 886
87497 124
291106 466
70332 685
265841 861
290611 262
70201 558
53149 622
81633 777
63342 979
230363 751
31635 937
89981 210
166295 190
5149 36
97835 351
79614 558
137305 63
261949 494
171026 528
61001 673
92670 763
96237 721
143552 602
179721 384
3981 15
172548 92
265629 463
31091 512
134268 755
262634 66
79145 363
190622 798
208066 531
65031 762
13855 105
101062 432
92726 442
33071 508
43002 125
112101 597
186590 351
125395 294
119711 477
49525 739
288711 121
84463 137
153315 505
274734 697
48700 162
152372 337
117836 871
92127 667
134713 53
67673 948
259068 261
78548 226
242694 172
64491 397
284403 250
260556 826
147080 547
228822 849
20602 350
82140 884
229050 856
277047 411
130756 649
230253 284
20611 899
285959 720
281847 792
40950 166
80969 824
71406 462
254354 486
52478 745
100043 92
125067 399
70159 626
288761 548
263700 996
106947 27
29904 323
54950 476
172563 602
227478 769
205374 251
298250 996
172239 148
192289 74
18357 246
262579 284
162110 299
65625 920
285604 951
21780 328
168510 523
111758 312
197977 639
4258 744
211493 281
57663 817
225218 315
193968 920
184059 580
259239 29
206486 657
103156 192
144367 593
53452 911
117115 736
294045 95
263310 985
249096 122
180937 263
60760 592
84632 52
142079 752
44020 992
225191 198
82964 753
134308 235
194447 168
79078 386
226603 939
66095 890
84116 340
24963 878
164794 953
129096 285
19977 491
225568 727
286120 52
233297 126
200197 323
69584 451
98335 613
8763 146
83961 385
89202 163
231743 580
151983 608
118994 815
132278 450
195926 396
88703 844
273507 278
69714 835
150579 410
127472 236
297160 577
212200 469
73186 287
284431 239
52045 762
172928 615
25465 914
156790 435
148278 841
22980 343
44920 911
138305 983
10304 476
258149 255
247160 844
83353 534
6445 128
241169 424
63458 195
68196 355
127942 678
7094 712
132903 804
260592 775
123937 676
264287 282
140023 911
150658 535
164266 436
52080 133
219666 834
73031 320
47591 502
125161 607
257956 163
93566 929
50620 664
136220 733
6326 896
85608 613
153750 221
122996 327
187943 154
105333 260
61163 382
159372 871
256577 540
179509 982
25382 303
263407 92
278959 520
127744 413
187305 835
84986 1000
208339 752
31658 550
70740 543
106676 215
141854 230
131310 296
47755 201
117038 955
223648 900
61022 229
234525 968
293829 951
261095 444
138189 428
297095 770
26840 125
153613 839
171777 935
194111 433
238702 670
26993 875
192065 462
288085 560
99152 475
23119 603
286175 80
7036 593
213863 912
253746 24
127721 442
156271 395
181212 205
17391 708
57882 937
121975 848
299026 699
100790 236
28416 321
270193 495
290472 918
39561 857
227442 560
34101 268
221272 603
161239 820
130712 12
238490 633
140590 670
289961 905
176159 688
9886 328
209550 122
226178 458
243424 178
146250 875
281071 64
117838 140
167731 355
50586 654
171317 752
4121 881
164637 892
110179 850
9046 734
167400 422
147675 816
66358 722
61716 859
115212 207
121011 426
71049 405
225722 40
200825 376
151262 901
215517 760
283070 1000
219263 501
38652 537
157890 377
91515 650
210296 758
199100 13
185087 814
23345 734
263463 20
255373 917
56503 45
54467 883
46890 201
226222 626
142446 130
147540 199
266029 175
40823 813
51665 633
73605 208
155432 890
111915 460
30300 698
278646 806
139563 573
288195 262
65277 32
265216 160
172700 279
234047 341
216479 919
201492 336
8779 539
27379 939
99210 629
129659 192
88517 712
116852 236
85806 976
80242 479
106636 269
276327 239
217478 874
159337 489
23439 821
220140 6
142754 556
237600 471
119357 248
13908 959
254982 875
233125 733
15484 756
279972 58
48022 128
58005 931
52896 738
208652 726
142651 989
265878 22
239582 767
242577 344
177928 971
258486 327
95304 77
148155 300
266366 974
134314 753
255227 250
27301 956
229846 652
25518 585
44316 149
103911 817
245669 886
296797 222
244009 298
179081 41
207394 596
239957 413
10099 719
38894 189
124492 428
172370 966
245680 819
174274 741
40848 793
50636 668
140470 433
251914 58
138574 37
46487 507
96908 623
156303 514
130787 606
16350 827
187682 24
147855 983
149354 428
210116 123
97128 399
1544 379
198404 970
72800 99
159107 796
284330 946
285248 846
181403 584
298532 212
34080 467
178556 114
296976 106
153755 691
259138 705
45649 663
185960 451
239056 155
185219 607
65750 232
77272 226
117658 143
166714 135
3747 371
160449 541
65584 918
81590 731
276574 283
230059 791
285348 648
7627 326
122843 425
25925 487
74615 477
279388 418
98917 335
30660 171
139439 288
270605 994
127585 683
153631 38
166604 676
258286 104
94458 576
237933 559
32834 616
240877 588
53921 530
120995 756
143401 356
2720 257
29683 274
100788 799
234199 63
275542 452
281797 49
243342 149
63863 691
50658 175
150851 603
230774 85
97850 609
3243 408
291804 837
105609 998
97524 696
234203 36
166178 377
136023 561
170025 700
52586 289
267830 298
272325 703
182029 332
294382 375
149386 282
291495 10
28403 355
223946 161
212550 397
247839 880
241029 379
229880 330
120340 274
203549 745
139002 117
19132 295
251168 64
85883 176
134445 129
254606 715
233375 278
119261 645
211154 905
127084 380
24121 499
179852 404
217194 132
285474 347
230986 358
156341 868
6303 957
62207 958
273066 775
69193 474
85460 585
121278 956
21942 934
117050 320
127515 897
97813 668
257326 151
39255 457
