# istanza zaino 0/1 — rand(n=2000,W=1000000,seed=42)
2000 1000000
431131 55
948885 309
21506 708
118094 904
955277 382
678033 464
268744 999
327864 437
411244 931
307459 178
356731 339
291086 826
835213 159
781165 752
299824 81
700535 753
470158 317
524441 818
977161 770
204060 714
25898 874
426602 950
992799 189
669500 370
641454 437
273734 458
90626 951
812595 828
337808 53
536745 461
523748 632
513296 180
48230 482
173329 421
77533 758
141912 316
545276 344
308105 872
294032 252
557796 375
330247 147
135324 197
582323 285
749403 464
226239 999
459169 636
136628 93
35028 28
349905 469
477094 656
901631 472
540756 385
772601 978
629442 895
992741 284
28071 78
559030 367
434435 900
807007 921
896997 333
774047 796
243000 97
204537 886
920332 806
195867 939
569380 28
539794 254
676669 968
401270 899
825992 15
590151 18
881949 836
974360 425
530324 557
571512 311
561554 896
345175 662
546418 904
356267 147
308511 963
702387 830
34231 259
685142 892
312676 615
395882 208
738096 738
874816 970
576510 759
241065 509
452108 776
641295 659
324032 698
878187 12
65843 726
980453 765
902867 851
226726 535
711019 615
814508 149
411576 535
955048 754
666667 721
785914 630
160353 103
30985 393
290695 898
491606 686
545006 337
818689 129
206782 603
841249 377
69138 573
893858 537
625387 677
746008 267
140489 290
465960 250
228558 285
812861 331
897213 123
303924 484
330303 577
372766 264
408381 819
866719 943
261367 647
82166 591
992993 914
314803 544
398146 162
829433 21
201030 780
278718 612
830861 496
663348 705
513834 690
933511 882
932432 551
381209 108
525868 178
286250 456
416096 461
916448 969
435754 798
984712 451
348060 640
85905 177
109439 536
940895 635
566202 700
312231 888
36319 268
12865 379
827126 589
353560 12
609498 512
754600 517
751518 340
2807 544
870066 986
163758 672
62149 268
294787 433
202402 590
11235 384
795722 695
814017 858
762677 67
569151 578
369996 840
951820 340
524935 809
18686 978
109876 528
324726 901
498531 945
856339 661
423975 876
347727 189
283776 421
351101 914
930895 967
569675 575
273826 430
90814 579
292493 70
760392 720
941970 203
12338 453
479558 81
248565 98
5890 101
760515 677
451855 34
315351 737
397065 742
689027 199
651646 632
590573 817
674494 813
945947 903
376534 512
661436 186
538683 550
214504 191
892822 136
156974 953
675129 921
734318 102
842791 933
935452 706
798923 148
98795 380
166569 35
904691 865
60928 894
680789 588
963041 310
861819 200
11810 462
873320 797
750730 616
885371 479
329101 520
556191 864
668733 202
775424 849
171062 879
706187 714
559941 139
709829 437
475713 665
306057 650
376139 795
383733 295
329989 173
297557 811
797219 673
289108 487
280551 748
849796 790
124410 7
421509 529
11545 208
32472 839
925989 156
291629 536
473975 565
883700 333
652750 63
297597 289
773317 892
575350 378
5638 410
656213 643
199631 954
463340 930
802602 42
173068 469
762661 222
907686 226
436667 59
569300 95
74170 983
845363 840
531975 589
185731 292
650272 519
121392 510
832053 674
420661 496
987115 868
111683 167
654265 266
532502 625
260072 9
619949 942
909149 914
897860 586
352001 704
482501 466
933936 866
275481 966
748343 857
572553 693
62486 960
247375 267
402372 320
378647 682
465651 495
30981 265
285907 496
197698 89
506365 185
346086 993
447204 125
297607 332
715493 281
217393 755
216649 721
495078 821
450218 727
38556 418
498112 722
367958 60
235331 192
455130 593
715828 480
978201 553
780527 445
369861 792
565339 314
110902 142
779362 731
910941 49
678709 564
394061 717
857430 666
772470 271
614439 531
70988 119
508724 78
854776 511
39291 579
166472 920
532902 140
743816 852
969789 232
543087 655
673410 690
807821 505
342523 520
99362 729
642909 700
47893 230
627937 128
546984 753
213106 409
138719 353
746487 146
952709 682
343477 351
27258 406
836993 697
739249 795
80257 719
320787 972
510203 992
858605 143
170146 784
372693 348
630005 824
496823 365
988744 26
216945 688
939481 382
477606 120
18321 695
489221 492
228288 919
696345 595
624826 644
477153 749
35763 177
887825 428
213738 776
811565 302
563212 933
165927 675
235555 533
983343 526
984624 177
955488 459
713613 803
837489 511
211439 663
604964 400
658153 889
572296 145
777027 163
484949 536
265751 931
936760 22
673195 120
62725 984
965580 209
773755 528
821930 438
626696 188
431644 33
574889 821
290600 387
185712 11
186920 683
416698 535
168556 484
231199 764
98285 814
791471 526
497659 459
490238 195
167793 513
106327 33
392216 905
565204 659
265682 336
331125 503
174305 906
296634 718
767093 133
739080 400
448651 270
676467 928
587344 665
67883 720
115715 923
733472 140
935580 281
538660 33
768426 728
944025 332
987427 451
120832 707
592754 430
795487 387
469161 390
204899 53
598498 377
579383 840
281602 520
631271 207
95147 227
576601 39
158073 978
798115 393
932141 318
206093 289
775649 834
166995 233
805011 30
511582 41
828034 382
263390 14
111695 143
166960 328
913961 626
72315 366
471866 251
185397 132
610900 600
474166 939
268819 219
484998 893
519680 5
563991 247
118363 866
249044 631
175961 856
926122 264
361362 639
932037 312
793862 938
906145 238
712024 469
130468 811
211351 96
138270 232
784683 29
654392 710
74644 210
350550 284
96641 750
803582 908
947947 696
170456 817
581514 571
338746 662
340222 750
260339 996
576268 101
772593 790
982671 396
372926 137
507811 627
230010 58
742032 595
499257 937
776285 869
140090 603
877843 765
270553 358
847799 205
245110 851
402068 752
797738 26
898558 926
567178 138
594022 426
931669 502
269133 209
656257 821
996233 274
873098 897
439590 739
36741 328
573005 730
262208 878
332472 964
56701 637
564779 43
236127 890
940853 956
407550 229
984681 688
155399 562
485910 909
172066 378
734064 996
266674 227
71157 716
535677 892
258356 620
389757 548
117133 568
678646 280
281799 913
788941 705
757785 431
469433 914
680835 282
641300 895
146895 3
242387 788
999066 294
135099 41
108928 643
894943 976
213892 83
908323 280
488726 872
570788 32
706124 422
532748 722
229169 817
967242 475
120768 464
227807 22
134631 970
583017 589
362939 321
222863 976
972127 443
378313 318
431384 585
635234 695
482513 774
780528 896
319613 74
480086 106
99813 775
281052 173
534858 96
673959 983
793198 911
866714 831
272165 748
404790 124
431881 755
515704 887
632236 20
751244 469
19231 839
901852 915
41662 128
654277 235
491708 281
515519 445
176366 606
34640 501
429394 95
232956 231
669581 437
307675 304
558103 909
494409 683
881370 467
732499 261
978431 521
544208 460
140753 346
875922 2
839070 362
815327 63
642198 288
178906 546
135845 643
529219 549
777221 767
733830 856
573503 845
761339 135
484704 78
459465 694
976912 118
714129 288
372252 201
561174 932
518546 143
501899 800
246607 79
540647 409
914900 606
435398 570
484482 813
164258 331
344857 773
532651 256
957591 318
321822 103
387025 856
336963 359
989536 870
597771 122
801471 144
483310 440
634500 138
781176 619
880816 952
402682 310
191766 771
653559 747
969756 660
483734 998
748349 49
943844 18
523811 725
318189 648
113793 520
13707 285
403950 45
809368 152
626561 860
227504 289
646440 236
816692 316
877238 314
685168 313
904992 879
410586 496
376875 175
738253 588
375685 967
702133 460
14916 706
409871 433
225478 346
16565 573
813360 161
180687 741
831948 932
280042 182
658549 793
877334 758
247965 570
589940 117
865246 842
556778 422
516759 343
997087 989
112395 912
842289 965
777358 648
393044 138
207326 139
896054 487
772619 734
492977 650
835718 438
111890 684
751530 556
207490 517
411185 417
419949 550
480855 571
679057 120
794267 532
474666 196
574957 473
197280 463
727925 490
235049 915
137716 293
140160 920
181052 1000
70893 590
409150 885
486913 134
21216 723
401575 484
199142 572
979281 716
702934 828
173971 597
213612 852
55273 862
897794 254
754311 272
337784 187
134890 41
262604 485
945939 469
350833 318
49103 786
501894 265
392265 574
752194 406
251716 886
360447 671
758758 285
340274 105
213659 274
841840 762
38994 770
762917 110
501479 499
694409 900
243275 124
46779 333
843433 331
143839 434
977510 143
682124 35
447343 991
40252 86
422333 523
276869 536
975109 192
617675 896
180205 921
693163 563
145483 376
750630 183
511487 617
13619 487
536749 559
558918 898
412847 108
406466 314
994937 363
983438 923
43921 279
307791 972
957267 377
933245 1000
774936 433
50970 539
345036 704
684343 741
787513 498
696592 188
829272 745
165366 693
418741 43
884805 817
480870 8
26586 172
331644 96
874582 351
825170 427
669011 60
129845 253
356641 982
405759 879
675183 242
296866 711
915306 217
553864 564
268300 707
192489 918
912852 424
365661 764
226339 724
343478 825
464769 821
429298 511
2359 10
690949 609
184080 13
956186 265
645026 607
462021 338
804601 566
508026 279
325058 573
748766 961
812878 765
969762 686
60685 624
333467 984
81625 30
642878 822
228022 253
926186 125
252309 206
198834 343
967491 352
947593 578
929043 427
649612 412
19253 173
826052 366
186099 938
28251 629
599323 108
858338 768
438084 565
735973 555
944827 777
300838 364
544705 404
688510 47
503206 698
152569 620
309809 383
256251 300
285471 254
81582 815
845283 128
272398 294
546672 963
892134 3
856267 748
256372 480
248145 451
791322 382
529476 854
989137 147
917758 129
554623 297
169834 156
348965 253
774236 874
233740 21
760156 3
955680 225
259024 2
600032 551
470228 215
480280 408
183589 364
326087 122
778668 663
711843 789
946655 304
58596 694
361462 463
16135 220
902633 663
322032 760
712190 47
549846 499
962975 706
97257 961
291688 7
530208 109
483392 316
759183 767
245097 837
576456 591
397244 496
561424 96
736875 813
425407 165
205663 128
328781 108
69642 192
48407 119
305887 320
873532 384
27245 97
873655 495
713680 814
180020 359
308619 427
649782 889
137129 976
78351 936
69250 319
345547 573
744763 485
910962 853
128158 398
426728 338
887222 938
375921 28
595820 565
649389 132
857503 167
299158 290
978496 518
523266 19
273818 8
966281 646
330514 849
263623 786
710232 751
228178 281
64633 75
45485 428
741413 389
878018 687
264075 863
793071 372
876633 561
775608 513
196314 104
815778 752
327649 378
716488 555
518867 86
850673 78
134065 59
487806 817
567548 467
426221 623
999441 949
902857 119
737554 888
92361 677
51529 195
483643 543
54790 90
891500 251
730098 615
725173 250
420251 332
603047 683
624483 459
157160 232
515046 395
338893 247
925245 181
298239 295
834410 774
361834 952
162267 842
940896 601
128213 931
207892 177
995106 337
706842 39
238755 114
481446 184
165993 647
179745 373
178774 995
149971 263
8524 445
97597 804
821272 651
387615 914
855451 446
55818 487
569782 688
383409 808
193314 373
868128 427
803714 935
756940 957
932445 388
429403 637
328204 334
694564 745
339331 866
497469 937
910789 777
639317 846
387252 607
59960 30
560569 496
618488 299
680968 589
477777 752
415855 725
209558 611
604413 587
226535 659
357160 47
199430 16
269572 815
368666 231
996921 766
912091 264
738225 49
302990 185
958157 709
242814 445
331269 589
299799 388
880195 834
892194 589
76386 250
990135 920
261672 378
876638 447
73939 179
635659 488
98266 864
383453 314
606718 447
354188 137
922433 243
51641 583
478127 701
78010 166
627956 628
20205 380
721545 821
264604 237
456621 252
874801 169
415700 976
330282 573
261936 446
407785 971
763622 198
764756 996
526662 865
11390 482
463799 915
862564 908
537177 18
235606 23
325070 611
780295 366
296437 288
112998 184
882377 106
421874 481
623715 219
693228 325
598869 10
389096 914
265578 447
739139 367
742195 703
781472 245
226924 496
286424 822
693675 308
463179 169
610913 869
197185 637
105880 273
462331 492
216954 802
121909 535
691799 392
197672 728
334366 452
78046 432
171157 875
567509 95
13058 503
275474 485
212412 804
532761 56
987119 658
496744 223
924866 385
759232 398
287901 645
436528 240
82646 431
286871 455
815727 154
496899 459
350832 898
119951 475
402067 198
973505 84
712701 806
286977 689
308160 215
61153 998
41964 954
144729 123
713364 485
796075 508
328543 427
374742 243
717775 351
665097 438
285177 340
636982 545
758392 963
987779 550
533641 970
709751 133
243603 575
778002 71
917592 321
122240 224
791301 783
459859 603
926621 267
517286 603
160013 606
65509 277
285635 367
340051 27
247207 199
742357 621
882395 543
143626 947
460487 940
324990 941
167148 707
520590 80
454648 851
501047 157
125659 638
239530 25
613976 241
894956 3
528321 443
649617 407
175224 268
894166 430
928208 725
682989 905
285917 877
960845 455
134441 425
728510 776
757269 607
132483 541
123654 425
557857 308
499263 631
922004 50
147590 671
993593 580
991523 614
915649 173
150627 259
141298 338
808690 638
449604 652
166324 764
897320 976
5923 166
389 485
676199 906
313327 199
914162 538
6194 526
633607 431
431540 825
616575 432
857077 520
569262 955
956937 280
997831 511
905031 978
683088 359
926535 296
710730 714
123370 286
789484 607
517908 185
601921 503
526716 563
125911 235
50444 276
364931 423
695727 737
58990 136
731076 917
723900 320
689566 618
533409 73
427443 969
789969 353
508737 119
748255 904
391538 512
262363 562
650120 135
47017 968
762602 286
453319 474
92237 665
759999 248
471254 26
421007 481
765548 951
829993 705
541350 818
172448 892
28918 306
378028 749
631882 791
44816 786
8651 953
802321 932
275608 328
610882 349
957901 20
142875 94
943182 389
442401 226
669304 359
653133 37
327353 822
844286 758
266391 560
213598 107
172991 768
335503 422
591450 321
110786 367
632576 358
662861 684
852875 678
349150 443
109855 376
615153 905
273447 901
887184 49
690983 801
257875 480
233489 547
920609 971
847377 97
966247 636
834986 60
957776 351
997930 765
470174 896
550213 886
501764 978
540634 187
181086 486
674943 586
155478 313
310408 988
309926 468
737459 297
194753 56
14945 221
535945 121
751123 880
796463 272
377792 328
354381 802
494809 587
987944 821
289201 447
658728 655
501669 252
246050 879
273366 535
875230 2
169769 292
547304 526
118899 674
426051 88
370056 824
214641 262
626701 830
426641 41
913861 285
150790 118
766773 128
620654 132
233182 286
546199 187
205099 208
485124 657
977153 282
8803 369
686438 426
681733 390
136863 643
49674 283
400440 224
783170 609
598821 131
559033 410
236823 11
662832 112
923089 688
972921 801
858624 814
944511 600
779241 132
966813 255
378109 82
376095 808
483854 237
648590 771
657997 513
21976 95
111991 179
928061 769
461162 155
367565 953
373122 230
560940 8
107694 134
578006 462
171693 273
264225 13
829080 45
174720 740
370603 520
4785 13
702900 740
399658 427
924825 979
708525 936
218271 83
762118 503
920856 686
68019 573
604656 381
666673 739
725308 551
744795 46
242490 971
139639 824
500971 343
752325 665
298102 740
817968 218
499273 947
215940 931
834759 657
169272 701
854999 409
599217 193
818078 471
285719 906
380068 537
368919 326
187268 113
2869 240
365283 334
523838 94
586494 558
354816 25
652259 202
837407 885
101459 847
86181 344
689061 723
704427 450
388786 635
879151 711
133584 620
573440 795
269687 386
501128 720
231752 787
852657 447
223829 694
329747 98
643238 788
799864 44
580758 871
206314 145
369288 894
143619 293
391814 134
327362 342
382992 413
93152 295
291126 255
933024 511
16754 962
892815 624
583524 553
523903 444
157934 479
294187 209
451200 412
936905 482
487589 669
712189 355
635666 123
396151 409
757776 312
757733 375
113793 775
984717 815
278484 421
493870 569
894517 789
802686 284
690169 599
410292 67
579300 873
104992 467
800834 627
579004 634
262834 929
770644 947
250078 244
125466 584
810745 370
857982 457
979652 275
874879 551
619121 404
953893 220
759973 531
477871 154
150450 905
266415 226
770947 846
558789 353
590173 282
984323 897
868968 924
307433 104
645538 213
30659 806
940153 454
529176 348
935522 788
378541 688
401008 857
16662 433
101373 641
477845 516
430640 626
127738 14
711278 254
606666 740
46906 173
134430 823
297755 262
948491 198
589190 381
666218 505
308274 90
927340 529
548278 312
207557 713
362421 388
779218 86
802092 264
960287 958
672094 968
872272 265
537796 114
147622 219
458086 327
942181 383
555747 660
440075 82
171497 562
588891 741
762614 979
739064 386
475756 707
766470 397
849855 130
54104 974
705735 315
340446 639
293009 295
339723 642
696294 732
443201 745
736100 663
881837 564
129841 794
835473 738
435788 421
420617 220
372244 118
596591 603
460364 539
636008 737
792162 243
248282 259
509199 54
967672 858
820379 427
213871 324
700863 126
782051 846
731157 993
237830 708
301750 669
544630 189
771519 888
644846 919
549786 162
50162 134
737800 365
862285 54
396237 681
72699 967
724967 631
112735 886
887497 124
91106 466
670332 685
765841 861
590611 262
170201 558
253149 622
381633 777
763342 979
530363 751
331635 937
389981 210
666295 190
705149 36
597835 351
179614 558
437305 63
661949 494
671026 528
161001 673
392670 763
496237 721
943552 602
979721 384
903981 15
472548 92
965629 463
531091 512
34268 755
362634 66
479145 363
590622 798
708066 531
965031 762
613855 105
801062 432
892726 442
533071 508
543002 125
412101 597
386590 351
825395 294
919711 477
749525 739
988711 121
184463 137
653315 505
74734 697
448700 162
152372 337
317836 871
792127 667
234713 53
367673 948
59068 261
678548 226
342694 172
564491 397
284403 250
760556 826
447080 547
28822 849
420602 350
182140 884
729050 856
777047 411
30756 649
130253 284
320611 899
685959 720
581847 792
440950 166
380969 824
871406 462
554354 486
252478 745
100043 92
325067 399
470159 626
188761 548
163700 996
606947 27
129904 323
154950 476
372563 602
327478 769
405374 251
898250 996
272239 148
692289 74
418357 246
562579 284
62110 299
765625 920
685604 951
121780 328
68510 523
711758 312
797977 639
904258 744
911493 281
957663 817
925218 315
693968 920
84059 580
359239 29
906486 657
3156 192
244367 593
53452 911
517115 736
694045 95
863310 985
749096 122
80937 263
760760 592
984632 52
342079 752
744020 992
625191 198
382964 753
534308 235
194447 168
979078 386
226603 939
766095 890
584116 340
824963 878
264794 953
429096 285
219977 491
125568 727
586120 52
533297 126
197 323
269584 451
98335 613
508763 146
483961 385
589202 163
531743 580
751983 608
318994 815
532278 450
95926 396
988703 844
373507 278
669714 835
550579 410
327472 236
897160 577
812200 469
473186 287
284431 239
452045 762
372928 615
625465 914
756790 435
548278 841
522980 343
644920 911
338305 983
10304 476
158149 255
547160 844
683353 534
706445 128
741169 424
463458 195
368196 355
527942 678
407094 712
932903 804
960592 775
523937 676
264287 282
240023 911
250658 535
864266 436
752080 133
319666 834
373031 320
447591 502
625161 607
857956 163
193566 929
650620 664
836220 733
806326 896
185608 613
853750 221
22996 327
387943 154
905333 260
761163 382
559372 871
156577 540
579509 982
325382 303
63407 92
378959 520
227744 413
187305 835
684986 1000
608339 752
131658 550
970740 543
206676 215
341854 230
31310 296
47755 201
917038 955
223648 900
361022 229
934525 968
893829 951
261095 444
838189 428
597095 770
326840 125
553613 839
271777 935
594111 433
138702 670
926993 875
892065 462
388085 560
499152 475
223119 603
86175 80
407036 593
713863 912
153746 24
627721 442
556271 395
781212 205
117391 708
957882 937
621975 848
499026 699
100790 236
228416 321
170193 495
90472 918
139561 857
527442 560
934101 268
221272 603
161239 820
530712 12
838490 633
340590 670
689961 905
176159 688
9886 328
409550 122
726178 458
243424 178
546250 875
181071 64
317838 140
367731 355
350586 654
171317 752
804121 881
964637 892
310179 850
409046 734
667400 422
47675 816
366358 722
261716 859
515212 207
421011 426
771049 405
225722 40
400825 376
451262 901
315517 760
683070 1000
719263 501
38652 537
657890 377
991515 650
210296 758
99100 13
685087 814
523345 734
363463 20
455373 917
956503 45
654467 883
146890 201
726222 626
642446 130
47540 199
166029 175
240823 813
851665 633
973605 208
955432 890
911915 460
530300 698
978646 806
839563 573
988195 262
165277 32
965216 160
272700 279
534047 341
316479 919
701492 336
708779 539
27379 939
899210 629
529659 192
588517 712
916852 236
385806 976
380242 479
406636 269
976327 239
317478 874
759337 489
723439 821
320140 6
42754 556
137600 471
819357 248
313908 959
54982 875
933125 733
115484 756
879972 58
448022 128
258005 931
652896 738
808652 726
542651 989
465878 22
839582 767
842577 344
277928 971
58486 327
995304 77
648155 300
166366 974
234314 753
155227 250
327301 956
929846 652
925518 585
144316 149
703911 817
545669 886
396797 222
244009 298
179081 41
207394 596
639957 413
10099 719
838894 189
324492 428
272370 966
545680 819
974274 741
740848 793
850636 668
140470 433
151914 58
138574 37
646487 507
496908 623
56303 514
230787 606
116350 827
887682 24
947855 983
949354 428
810116 123
197128 399
501544 379
698404 970
172800 99
659107 796
384330 946
85248 846
481403 584
698532 212
34080 467
578556 114
196976 106
253755 691
259138 705
545649 663
385960 451
939056 155
485219 607
465750 232
177272 226
617658 143
666714 135
603747 371
860449 541
665584 918
581590 731
76574 283
530059 791
685348 648
907627 326
222843 425
125925 487
774615 477
179388 418
498917 335
930660 171
239439 288
270605 994
127585 683
153631 38
766604 676
58286 104
194458 576
137933 559
132834 616
940877 588
153921 530
720995 756
743401 356
602720 257
129683 274
400788 799
234199 63
175542 452
281797 49
343342 149
463863 691
450658 175
750851 603
330774 85
97850 609
303243 408
291804 837
5609 998
97524 696
434203 36
266178 377
236023 561
970025 700
552586 289
867830 298
772325 703
382029 332
194382 375
349386 282
91495 10
128403 355
323946 161
612550 397
247839 880
341029 379
329880 330
220340 274
203549 745
339002 117
919132 295
751168 64
85883 176
634445 129
354606 715
333375 278
919261 645
311154 905
227084 380
724121 499
779852 404
717194 132
685474 347
630986 358
556341 868
406303 957
562207 958
573066 775
69193 474
485460 585
621278 956
721942 934
317050 320
227515 897
797813 668
557326 151
239255 457
